PatientID,DiagnosisDate,Type,Diagnosis,LaboratoryNbr,Region,SinceLast,Age,DiagnosisNumber,GroupSize
1,271,11,15,3,1,0,335,1,1
1,284,11011,15017,3,101,13,348,2,3
1,309,11,15,3,1,25,373,3,1
1,315,11,15,5,1,6,379,4,1
1,329,11,15,3,1,14,393,5,1
1,367,11011,17015,3,101,38,431,6,3
1,397,11,15,3,1,30,461,7,1
2,268,11,15,21,1,0,347,1,1
2,303,11,15,21,1,35,382,2,1
2,335,11,15,21,1,32,414,3,1
2,386,11,15,3,1,51,465,4,1
2,542,11,15,21,1,156,621,5,1
3,466,11,15,8,3,0,273,1,1
3,488,11,15,8,3,22,295,2,1
3,506,11,15,10,3,18,313,3,1
4,275,11,15,3,1,0,308,1,1
4,290,11,15,3,1,15,323,2,1
4,311,11,15,3,1,21,344,3,1
4,340,11,15,3,1,29,373,4,1
4,387,11,15,3,1,47,420,5,1
4,426,11,15,3,1,39,459,6,1
4,467,11,15,3,1,41,500,7,1
4,483,11,15,3,1,16,516,8,1
4,523,11,15,3,1,40,556,9,1
5,420,11,21,13,4,0,328,1,1
5,421,12,25,13,4,1,329,2,1
5,423,11,16,13,4,2,331,3,1
5,427,11,15,13,4,4,335,4,1
5,432,11,16,13,4,5,340,5,1
5,439,16011,11015,13,404,7,347,6,2
